1.530100000000000016e+01,-5.761999999999999744e+01,3.624300000000000210e+01
1.718799999999999883e+01,-5.476299999999999812e+01,3.464500000000000313e+01
2.094600000000000151e+01,-5.426599999999999824e+01,3.421800000000000352e+01
2.233899999999999864e+01,-5.222399999999999665e+01,3.712299999999999756e+01
2.373400000000000176e+01,-4.876899999999999835e+01,3.632500000000000284e+01
2.704899999999999949e+01,-4.815800000000000125e+01,3.814500000000000313e+01
2.700300000000000011e+01,-4.497599999999999909e+01,4.022299999999999898e+01
3.008599999999999852e+01,-4.329800000000000182e+01,4.177700000000000102e+01
3.051899999999999835e+01,-4.040699999999999648e+01,4.419100000000000250e+01
3.209300000000000352e+01,-3.721999999999999886e+01,4.285999999999999943e+01
3.589699999999999847e+01,-3.780400000000000205e+01,4.294899999999999807e+01
3.758400000000000318e+01,-3.708500000000000085e+01,4.627300000000000324e+01
3.448199999999999932e+01,-3.742999999999999972e+01,4.845900000000000318e+01
3.314600000000000080e+01,-3.977700000000000102e+01,5.110699999999999932e+01
2.950600000000000023e+01,-4.070400000000000063e+01,5.167300000000000182e+01
2.709299999999999997e+01,-3.864500000000000313e+01,5.383599999999999852e+01
2.766000000000000014e+01,-3.892699999999999960e+01,5.759400000000000119e+01
2.483999999999999986e+01,-3.667900000000000205e+01,5.882000000000000028e+01
2.301599999999999824e+01,-3.694500000000000028e+01,6.216199999999999903e+01
1.936400000000000077e+01,-3.800500000000000256e+01,6.242000000000000171e+01
1.703699999999999903e+01,-3.544500000000000028e+01,6.398700000000000188e+01
1.548799999999999955e+01,-3.645900000000000318e+01,6.731799999999999784e+01
1.220599999999999952e+01,-3.811500000000000199e+01,6.648600000000000421e+01
8.797000000000000597e+00,-3.828300000000000125e+01,6.810999999999999943e+01
7.847000000000000419e+00,-4.175500000000000256e+01,6.941599999999999682e+01
4.602000000000000313e+00,-4.151400000000000290e+01,6.739600000000000080e+01
6.668999999999999595e+00,-4.101200000000000045e+01,6.425400000000000489e+01
9.273999999999999133e+00,-4.365699999999999648e+01,6.515300000000000580e+01
6.424000000000000377e+00,-4.615999999999999659e+01,6.540800000000000125e+01
5.323000000000000398e+00,-4.509899999999999665e+01,6.192699999999999960e+01
8.861000000000000654e+00,-4.535699999999999932e+01,6.049099999999999966e+01
9.528999999999999915e+00,-4.882399999999999807e+01,6.187199999999999989e+01
6.307999999999999829e+00,-4.996900000000000119e+01,6.019200000000000017e+01
7.057000000000000384e+00,-4.840899999999999892e+01,5.681199999999999761e+01
1.065300000000000047e+01,-4.959799999999999898e+01,5.683899999999999864e+01
9.686999999999999389e+00,-5.318299999999999983e+01,5.769599999999999795e+01
7.211000000000000298e+00,-5.311200000000000188e+01,5.478300000000000125e+01
1.001699999999999946e+01,-5.207000000000000028e+01,5.244500000000000028e+01
1.238199999999999967e+01,-5.475600000000000023e+01,5.377199999999999847e+01
9.835000000000000853e+00,-5.752000000000000313e+01,5.334000000000000341e+01
9.502000000000000668e+00,-5.616899999999999693e+01,4.978399999999999892e+01
1.328100000000000058e+01,-5.628900000000000148e+01,4.949799999999999756e+01
1.335599999999999987e+01,-5.258800000000000097e+01,4.863400000000000034e+01
1.575200000000000067e+01,-5.211699999999999733e+01,5.155700000000000216e+01
1.768799999999999883e+01,-5.438799999999999812e+01,5.390299999999999869e+01
1.916300000000000026e+01,-5.389000000000000057e+01,5.738199999999999790e+01
2.289499999999999957e+01,-5.329999999999999716e+01,5.774399999999999977e+01
2.549299999999999855e+01,-5.397200000000000131e+01,6.039099999999999824e+01
2.751399999999999935e+01,-5.148599999999999710e+01,6.252600000000000335e+01
3.003000000000000114e+01,-5.166400000000000148e+01,5.966599999999999682e+01
2.837699999999999889e+01,-4.872299999999999898e+01,5.786299999999999955e+01
2.937300000000000111e+01,-4.521900000000000119e+01,5.910000000000000142e+01
2.722299999999999898e+01,-4.332999999999999829e+01,5.657300000000000040e+01
2.379899999999999949e+01,-4.192699999999999960e+01,5.743699999999999761e+01
2.103500000000000014e+01,-3.974499999999999744e+01,5.597800000000000153e+01
1.814399999999999835e+01,-3.806499999999999773e+01,5.796300000000000097e+01
1.459800000000000075e+01,-3.936399999999999721e+01,5.769899999999999807e+01
1.134500000000000064e+01,-3.779299999999999926e+01,5.894299999999999784e+01
7.626000000000000334e+00,-3.862599999999999767e+01,5.890500000000000114e+01
5.099000000000000199e+00,-3.650999999999999801e+01,5.697599999999999909e+01
1.318000000000000060e+00,-3.685600000000000165e+01,5.658899999999999864e+01
-2.660000000000000142e-01,-3.699900000000000233e+01,5.310600000000000165e+01
-1.824999999999999956e+00,-3.374600000000000222e+01,5.186699999999999733e+01
-5.482000000000000206e+00,-3.354099999999999682e+01,5.298400000000000176e+01
-5.363000000000000433e+00,-3.715100000000000335e+01,5.416400000000000148e+01
-4.618999999999999773e+00,-3.877300000000000324e+01,5.754800000000000182e+01
-1.701000000000000068e+00,-4.121999999999999886e+01,5.738100000000000023e+01
2.103000000000000203e+00,-4.139999999999999858e+01,5.763100000000000023e+01
4.758000000000000007e+00,-4.104899999999999949e+01,5.489900000000000091e+01
8.516000000000000014e+00,-4.157500000000000284e+01,5.499699999999999989e+01
1.078299999999999947e+01,-3.881700000000000017e+01,5.364399999999999835e+01
1.456400000000000006e+01,-3.907800000000000296e+01,5.343800000000000239e+01
1.662999999999999901e+01,-3.590100000000000335e+01,5.317600000000000193e+01
1.904400000000000048e+01,-3.684899999999999665e+01,5.040299999999999869e+01
2.039999999999999858e+01,-3.331199999999999761e+01,4.987800000000000011e+01
2.385600000000000165e+01,-3.416100000000000136e+01,5.119899999999999807e+01
2.421900000000000119e+01,-3.750000000000000000e+01,4.940899999999999892e+01
2.311499999999999844e+01,-3.564300000000000068e+01,4.626299999999999812e+01
2.592999999999999972e+01,-3.307500000000000284e+01,4.656499999999999773e+01
2.832100000000000151e+01,-3.603399999999999892e+01,4.675300000000000011e+01
2.675700000000000145e+01,-3.811800000000000210e+01,4.394500000000000028e+01
2.833299999999999841e+01,-3.781300000000000239e+01,4.047599999999999909e+01
2.639300000000000068e+01,-3.602400000000000091e+01,3.773299999999999699e+01
2.440099999999999980e+01,-3.805499999999999972e+01,3.524099999999999966e+01
2.348600000000000065e+01,-3.721999999999999886e+01,3.165399999999999991e+01
2.013899999999999935e+01,-3.648700000000000188e+01,3.329099999999999682e+01
1.702599999999999980e+01,-3.512500000000000000e+01,3.163700000000000045e+01
1.771199999999999974e+01,-3.234300000000000352e+01,2.915899999999999892e+01
1.516699999999999982e+01,-2.951800000000000068e+01,2.927299999999999969e+01
1.445599999999999952e+01,-3.041900000000000048e+01,2.563100000000000023e+01
1.073000000000000043e+01,-3.107400000000000162e+01,2.541100000000000136e+01
8.579000000000000625e+00,-3.174299999999999855e+01,2.230699999999999861e+01
6.522999999999999687e+00,-2.885300000000000153e+01,2.092399999999999949e+01
2.883000000000000007e+00,-2.973999999999999844e+01,2.003600000000000136e+01
3.334999999999999964e+00,-2.865399999999999991e+01,1.642000000000000171e+01
5.897000000000000242e+00,-3.143100000000000094e+01,1.605699999999999861e+01
3.419000000000000039e+00,-3.418299999999999983e+01,1.685699999999999932e+01
1.417999999999999927e+00,-3.597599999999999909e+01,1.413299999999999912e+01
-2.258999999999999897e+00,-3.697999999999999687e+01,1.412299999999999933e+01
-3.262999999999999901e+00,-4.019500000000000028e+01,1.591900000000000048e+01
-6.567999999999999616e+00,-4.211599999999999966e+01,1.612300000000000111e+01
-5.980999999999999872e+00,-4.289699999999999847e+01,1.980300000000000082e+01
-3.593999999999999861e+00,-4.186299999999999955e+01,2.262099999999999866e+01
-3.400999999999999801e+00,-4.298899999999999721e+01,2.627700000000000102e+01
-1.241000000000000103e+00,-4.211099999999999710e+01,2.926099999999999923e+01
-2.000000000000000111e-01,-4.494400000000000261e+01,3.157600000000000051e+01
8.890000000000000124e-01,-4.364800000000000324e+01,3.497999999999999687e+01
4.089999999999999858e+00,-4.560499999999999687e+01,3.563499999999999801e+01
3.666999999999999815e+00,-4.572699999999999676e+01,3.941299999999999670e+01
6.921000000000000263e+00,-4.539900000000000091e+01,4.135699999999999932e+01
9.028999999999999915e+00,-4.756799999999999784e+01,3.907500000000000284e+01
1.197300000000000075e+01,-4.602000000000000313e+01,4.096999999999999886e+01
1.158999999999999986e+01,-4.877199999999999847e+01,4.355199999999999960e+01
1.108099999999999952e+01,-5.124600000000000222e+01,4.071900000000000119e+01
1.463199999999999967e+01,-5.053099999999999881e+01,3.950999999999999801e+01
1.769500000000000028e+01,-5.191499999999999915e+01,4.136399999999999721e+01
2.051999999999999957e+01,-4.975200000000000244e+01,4.274399999999999977e+01
2.417999999999999972e+01,-5.052499999999999858e+01,4.207800000000000296e+01
2.537600000000000122e+01,-5.278699999999999903e+01,4.492199999999999704e+01
2.864999999999999858e+01,-5.092000000000000171e+01,4.549600000000000222e+01
2.668900000000000006e+01,-4.768699999999999761e+01,4.589300000000000068e+01
2.404299999999999926e+01,-4.915599999999999881e+01,4.818299999999999983e+01
2.601599999999999824e+01,-4.844200000000000017e+01,5.136999999999999744e+01
2.583399999999999963e+01,-4.467000000000000171e+01,5.080100000000000193e+01
2.202199999999999847e+01,-4.470300000000000296e+01,5.116100000000000136e+01
2.226000000000000156e+01,-4.568500000000000227e+01,5.483800000000000097e+01
1.973799999999999955e+01,-4.420900000000000318e+01,5.725600000000000023e+01
1.860000000000000142e+01,-4.489500000000000313e+01,6.079899999999999949e+01
1.527100000000000080e+01,-4.523599999999999710e+01,6.264200000000000301e+01
1.599200000000000088e+01,-4.449399999999999977e+01,6.637399999999999523e+01
1.490099999999999980e+01,-4.674000000000000199e+01,6.924399999999999977e+01
1.202899999999999991e+01,-4.583599999999999852e+01,7.158599999999999852e+01
1.406499999999999950e+01,-4.657900000000000063e+01,7.473099999999999454e+01
1.758599999999999852e+01,-4.508200000000000074e+01,7.495900000000000318e+01
2.001899999999999835e+01,-4.800399999999999778e+01,7.470600000000000307e+01
1.835600000000000165e+01,-5.025399999999999778e+01,7.206399999999999295e+01
1.745400000000000063e+01,-5.122999999999999687e+01,6.842600000000000193e+01
1.805799999999999983e+01,-4.812400000000000233e+01,6.633400000000000318e+01
1.756899999999999906e+01,-5.008200000000000074e+01,6.310699999999999932e+01
2.012300000000000111e+01,-4.938499999999999801e+01,6.036099999999999710e+01
1.907400000000000162e+01,-4.974199999999999733e+01,5.671900000000000119e+01
2.033399999999999963e+01,-4.914099999999999824e+01,5.318699999999999761e+01
1.865500000000000114e+01,-4.907699999999999818e+01,4.977100000000000080e+01
1.846099999999999852e+01,-5.190599999999999881e+01,4.721999999999999886e+01
1.654400000000000048e+01,-4.988400000000000034e+01,4.462800000000000011e+01
1.638299999999999912e+01,-4.629500000000000171e+01,4.336299999999999955e+01
1.561700000000000088e+01,-4.394800000000000040e+01,4.629299999999999926e+01
1.267099999999999937e+01,-4.163000000000000256e+01,4.579399999999999693e+01
1.426900000000000013e+01,-3.818999999999999773e+01,4.567799999999999727e+01
1.780300000000000082e+01,-3.934300000000000352e+01,4.487700000000000244e+01
2.000100000000000122e+01,-3.775800000000000267e+01,4.218500000000000227e+01
2.035300000000000153e+01,-4.070499999999999829e+01,3.980599999999999739e+01
1.680300000000000082e+01,-4.200800000000000267e+01,4.016499999999999915e+01
1.508099999999999952e+01,-3.990800000000000125e+01,3.745499999999999829e+01
1.788700000000000045e+01,-4.056600000000000250e+01,3.496699999999999875e+01
1.840899999999999892e+01,-4.425600000000000023e+01,3.566899999999999693e+01
1.469100000000000072e+01,-4.489500000000000313e+01,3.573499999999999943e+01
1.433799999999999919e+01,-4.333800000000000097e+01,3.227199999999999847e+01
1.726599999999999824e+01,-4.531300000000000239e+01,3.082199999999999918e+01
1.584699999999999953e+01,-4.854200000000000159e+01,3.225600000000000023e+01
1.238700000000000045e+01,-4.778499999999999659e+01,3.078900000000000148e+01
1.391300000000000026e+01,-4.720300000000000296e+01,2.737199999999999989e+01
1.567300000000000004e+01,-5.058500000000000085e+01,2.736700000000000088e+01
1.252399999999999913e+01,-5.230299999999999727e+01,2.868799999999999883e+01
1.057399999999999984e+01,-5.070900000000000318e+01,2.584700000000000131e+01
1.308399999999999963e+01,-5.136099999999999710e+01,2.301200000000000045e+01
1.151600000000000001e+01,-5.474000000000000199e+01,2.208899999999999864e+01
7.836999999999999744e+00,-5.373100000000000165e+01,2.237699999999999889e+01
8.858999999999999986e+00,-5.085199999999999676e+01,2.011299999999999955e+01
1.058500000000000085e+01,-5.298499999999999943e+01,1.744699999999999918e+01
7.570999999999999730e+00,-5.531700000000000017e+01,1.754599999999999937e+01
5.118000000000000327e+00,-5.245199999999999818e+01,1.698100000000000165e+01
6.740999999999999659e+00,-4.976299999999999812e+01,1.474600000000000044e+01
3.423999999999999932e+00,-4.796999999999999886e+01,1.430100000000000016e+01
2.988999999999999879e+00,-4.690999999999999659e+01,1.789199999999999946e+01
4.655000000000000249e+00,-4.384499999999999886e+01,1.931800000000000139e+01
5.615000000000000213e+00,-4.393099999999999739e+01,2.295899999999999963e+01
6.900999999999999801e+00,-4.088199999999999790e+01,2.483299999999999841e+01
8.118000000000000327e+00,-4.091499999999999915e+01,2.843700000000000117e+01
7.623999999999999666e+00,-3.789800000000000324e+01,3.070100000000000051e+01
7.998999999999999666e+00,-3.798100000000000165e+01,3.449600000000000222e+01
5.924000000000000377e+00,-4.087800000000000011e+01,3.591599999999999682e+01
3.813000000000000167e+00,-4.095499999999999829e+01,3.272899999999999920e+01
3.991999999999999993e+00,-4.313300000000000267e+01,2.962199999999999989e+01
2.245000000000000107e+00,-4.171000000000000085e+01,2.655399999999999849e+01
1.284999999999999920e+00,-4.425399999999999778e+01,2.388599999999999923e+01
-2.210000000000000020e-01,-4.300300000000000011e+01,2.064499999999999957e+01
-1.465999999999999970e+00,-4.489399999999999835e+01,1.759100000000000108e+01
-3.516000000000000014e+00,-4.485900000000000176e+01,1.437800000000000011e+01
-5.200999999999999623e+00,-4.819599999999999795e+01,1.520700000000000074e+01
-9.012999999999999901e+00,-4.830899999999999750e+01,1.506799999999999962e+01
-1.017500000000000071e+01,-4.793399999999999750e+01,1.870200000000000173e+01
-1.048900000000000077e+01,-5.165100000000000335e+01,1.948499999999999943e+01
-7.062999999999999723e+00,-5.263799999999999812e+01,1.820400000000000063e+01
-5.453000000000000291e+00,-4.976100000000000279e+01,2.012399999999999878e+01
-7.254999999999999893e+00,-5.058200000000000074e+01,2.335900000000000176e+01
-5.876999999999999780e+00,-5.411999999999999744e+01,2.304400000000000048e+01
-2.299999999999999822e+00,-5.305299999999999727e+01,2.223199999999999932e+01
-2.346999999999999975e+00,-5.082999999999999829e+01,2.533500000000000085e+01
-3.334000000000000075e+00,-5.377100000000000080e+01,2.757999999999999829e+01
-4.839999999999999858e-01,-5.562899999999999778e+01,2.592800000000000082e+01
1.983999999999999986e+00,-5.285900000000000176e+01,2.684900000000000020e+01
7.379999999999999893e-01,-5.294299999999999784e+01,3.045599999999999952e+01
1.580000000000000071e+00,-5.663700000000000045e+01,3.069999999999999929e+01
5.035000000000000142e+00,-5.594599999999999795e+01,2.926200000000000045e+01
5.600999999999999979e+00,-5.354099999999999682e+01,3.216199999999999903e+01
4.134000000000000341e+00,-5.593999999999999773e+01,3.475800000000000267e+01
6.738000000000000433e+00,-5.856900000000000261e+01,3.384499999999999886e+01
9.403999999999999915e+00,-5.619899999999999807e+01,3.516799999999999926e+01
7.211000000000000298e+00,-5.488900000000000290e+01,3.799499999999999744e+01
5.892999999999999794e+00,-5.168399999999999750e+01,3.643500000000000227e+01
2.362999999999999989e+00,-5.182699999999999818e+01,3.782099999999999795e+01
1.920000000000000040e-01,-4.979800000000000182e+01,3.542699999999999960e+01
-3.394000000000000128e+00,-4.840800000000000125e+01,3.573199999999999932e+01
-6.485999999999999766e+00,-5.002100000000000080e+01,3.414399999999999835e+01
-8.580999999999999517e+00,-4.832000000000000028e+01,3.140200000000000102e+01
-1.122600000000000087e+01,-4.737500000000000000e+01,3.399300000000000210e+01
-9.044000000000000483e+00,-4.468099999999999739e+01,3.565800000000000125e+01
-6.628000000000000114e+00,-4.359499999999999886e+01,3.289300000000000068e+01
-6.419999999999999929e+00,-3.993599999999999994e+01,3.181099999999999994e+01
-8.394000000000000128e+00,-3.911200000000000188e+01,2.865500000000000114e+01
-7.751000000000000334e+00,-3.630599999999999739e+01,2.614099999999999824e+01
-7.256000000000000227e+00,-3.346300000000000097e+01,2.600400000000000134e+01
-3.896999999999999797e+00,-3.359000000000000341e+01,2.773999999999999844e+01
-3.370999999999999996e+00,-3.032300000000000040e+01,2.956500000000000128e+01
4.109999999999999765e-01,-3.051500000000000057e+01,2.938899999999999935e+01
2.839999999999999858e+00,-2.762800000000000011e+01,3.002799999999999869e+01
3.820000000000000062e-01,-2.483999999999999986e+01,2.921799999999999997e+01
-9.819999999999999840e-01,-2.683999999999999986e+01,2.630399999999999849e+01
-4.149000000000000021e+00,-2.877400000000000091e+01,2.555499999999999972e+01
-3.228000000000000203e+00,-3.189999999999999858e+01,2.354599999999999937e+01
-5.836000000000000298e+00,-3.356799999999999784e+01,2.129400000000000048e+01
-5.535999999999999588e+00,-3.658800000000000097e+01,1.891300000000000026e+01
-5.854000000000000092e+00,-3.442499999999999716e+01,1.580000000000000071e+01
-5.395999999999999908e+00,-3.079700000000000060e+01,1.695700000000000074e+01
-3.540999999999999925e+00,-2.881099999999999994e+01,1.964000000000000057e+01
-3.544999999999999929e+00,-2.543700000000000117e+01,2.143900000000000006e+01
-2.588999999999999968e+00,-2.362999999999999901e+01,2.465800000000000125e+01
-4.589999999999999858e+00,-2.367899999999999849e+01,2.792800000000000082e+01
-7.341000000000000192e+00,-2.099200000000000088e+01,2.765399999999999991e+01
-6.120000000000000107e+00,-1.753800000000000026e+01,2.863100000000000023e+01
-8.507999999999999119e+00,-1.525699999999999967e+01,3.051899999999999835e+01
-7.732999999999999652e+00,-1.151699999999999946e+01,3.060300000000000153e+01
-8.493999999999999773e+00,-9.640000000000000568e+00,3.387299999999999756e+01
-1.121100000000000030e+01,-6.979000000000000092e+00,3.395400000000000063e+01
-9.461999999999999744e+00,-4.764000000000000234e+00,3.652300000000000324e+01
-1.002999999999999936e+01,-1.072999999999999954e+00,3.721300000000000097e+01
-6.652000000000000135e+00,-6.710000000000000409e-01,3.889600000000000080e+01
-3.499000000000000110e+00,-2.262999999999999901e+00,3.745100000000000051e+01
-2.909999999999999809e-01,-2.846000000000000085e+00,3.938499999999999801e+01
3.119000000000000217e+00,-3.149000000000000021e+00,3.768699999999999761e+01
3.049999999999999822e+00,-6.780999999999999694e+00,3.879200000000000159e+01
-3.370000000000000218e-01,-7.241999999999999993e+00,3.710699999999999932e+01
8.139999999999999458e-01,-5.575000000000000178e+00,3.389099999999999824e+01
3.944999999999999840e+00,-7.719000000000000306e+00,3.391199999999999903e+01
1.973000000000000087e+00,-1.096599999999999930e+01,3.426299999999999812e+01
-4.580000000000000182e-01,-9.811999999999999389e+00,3.155300000000000082e+01
2.394000000000000128e+00,-9.307999999999999829e+00,2.905300000000000082e+01
3.686999999999999833e+00,-1.278299999999999947e+01,2.993799999999999883e+01
3.439999999999999725e-01,-1.449499999999999922e+01,2.939300000000000068e+01
-3.200000000000000067e-02,-1.235200000000000031e+01,2.624299999999999855e+01
3.366999999999999993e+00,-1.346100000000000030e+01,2.484299999999999997e+01
2.503000000000000114e+00,-1.709799999999999898e+01,2.548600000000000065e+01
-5.290000000000000258e-01,-1.677400000000000091e+01,2.322200000000000131e+01
1.669999999999999929e+00,-1.548000000000000043e+01,2.038100000000000023e+01
2.721999999999999975e+00,-1.900199999999999889e+01,1.936899999999999977e+01
-8.539999999999999813e-01,-1.978800000000000026e+01,1.828399999999999892e+01
-2.947999999999999954e+00,-1.658599999999999852e+01,1.832700000000000173e+01
-1.812000000000000055e+00,-1.418800000000000061e+01,1.561299999999999955e+01
-2.394000000000000128e+00,-1.048900000000000077e+01,1.617200000000000060e+01
-1.526999999999999913e+00,-1.055899999999999928e+01,1.985500000000000043e+01
1.789999999999999925e-01,-7.264000000000000234e+00,2.056899999999999906e+01
1.879000000000000004e+00,-5.985000000000000320e+00,2.371000000000000085e+01
3.745000000000000107e+00,-2.750000000000000000e+00,2.278500000000000014e+01
1.189000000000000057e+00,-4.209999999999999853e-01,2.434799999999999898e+01
1.010999999999999899e+00,-2.607000000000000206e+00,2.744600000000000151e+01
4.972000000000000419e+00,1.145999999999999908e+00,2.779400000000000048e+01
3.130999999999999783e+00,1.191000000000000059e+00,3.114900000000000091e+01
6.376999999999999780e+00,-1.489999999999999936e-01,3.268500000000000227e+01
8.505000000000000782e+00,2.967999999999999972e+00,3.193199999999999861e+01
9.964000000000000412e+00,4.477000000000000313e+00,3.510300000000000153e+01
8.071999999999999176e+00,2.161000000000000032e+00,3.746600000000000108e+01
9.250999999999999446e+00,2.504999999999999893e+00,4.108299999999999841e+01
7.658000000000000362e+00,-6.059999999999999831e-01,4.268599999999999994e+01
5.961000000000000298e+00,-3.911000000000000032e+00,4.179099999999999682e+01
2.986000000000000210e+00,-2.778999999999999915e+00,4.388000000000000256e+01
2.672000000000000153e+00,5.590000000000000524e-01,4.200500000000000256e+01
-5.729999999999999538e-01,1.239000000000000101e+00,4.014800000000000324e+01
-3.519999999999999796e-01,2.573999999999999844e+00,3.659700000000000131e+01
-3.508999999999999897e+00,3.827999999999999847e+00,3.493500000000000227e+01
-3.922000000000000153e+00,2.681000000000000050e+00,3.133699999999999974e+01
-3.608999999999999986e+00,4.974000000000000199e+00,2.832400000000000162e+01
-6.136999999999999567e+00,5.048000000000000043e+00,2.548900000000000077e+01
-3.673000000000000043e+00,3.036000000000000032e+00,2.330399999999999849e+01
-3.053999999999999826e+00,3.860000000000000098e-01,2.596699999999999875e+01
-6.831999999999999851e+00,1.620000000000000051e-01,2.655099999999999838e+01
-7.355999999999999872e+00,-3.960000000000000187e-01,2.282100000000000151e+01
-4.623999999999999666e+00,-3.035000000000000142e+00,2.275700000000000145e+01
-6.051999999999999602e+00,-4.875000000000000000e+00,2.577799999999999869e+01
-9.518000000000000682e+00,-4.796999999999999709e+00,2.422299999999999898e+01
-8.146000000000000796e+00,-6.153999999999999915e+00,2.093299999999999983e+01
-6.229000000000000092e+00,-9.048999999999999488e+00,2.255699999999999861e+01
-9.323000000000000398e+00,-9.807000000000000384e+00,2.465200000000000102e+01
-1.134999999999999964e+01,-1.021000000000000085e+01,2.146999999999999886e+01
-8.560000000000000497e+00,-1.222199999999999953e+01,1.979599999999999937e+01
-8.531000000000000583e+00,-1.458999999999999986e+01,2.277799999999999869e+01
-1.232199999999999918e+01,-1.493999999999999950e+01,2.286299999999999955e+01
-1.166600000000000037e+01,-1.679400000000000048e+01,1.958299999999999841e+01
-1.055000000000000071e+01,-2.036700000000000088e+01,2.034499999999999886e+01
-7.942999999999999616e+00,-2.084199999999999875e+01,1.759799999999999898e+01
-6.049000000000000377e+00,-2.410200000000000031e+01,1.747700000000000031e+01
-2.942000000000000171e+00,-2.546900000000000119e+01,1.585299999999999976e+01
-2.700000000000000178e+00,-2.852599999999999980e+01,1.360800000000000054e+01
-2.190000000000000002e-01,-3.139499999999999957e+01,1.373199999999999932e+01
2.605999999999999872e+00,-3.200699999999999790e+01,1.130799999999999983e+01
2.016999999999999904e+00,-3.415500000000000114e+01,8.214000000000000412e+00
5.427999999999999936e+00,-3.558400000000000318e+01,7.134999999999999787e+00
4.206000000000000405e+00,-3.601299999999999812e+01,3.568000000000000060e+00
3.637999999999999901e+00,-3.230899999999999750e+01,2.915999999999999925e+00
5.929999999999999716e+00,-2.928500000000000014e+01,2.545999999999999819e+00
6.463000000000000078e+00,-2.672899999999999920e+01,5.266000000000000014e+00
5.668000000000000149e+00,-2.315399999999999991e+01,4.261000000000000121e+00
6.729000000000000092e+00,-2.017000000000000171e+01,6.366999999999999993e+00
5.232999999999999652e+00,-1.675000000000000000e+01,5.682000000000000384e+00
6.554000000000000270e+00,-1.353800000000000026e+01,7.262999999999999901e+00
4.977000000000000313e+00,-1.009500000000000064e+01,7.668999999999999595e+00
5.838000000000000078e+00,-6.721000000000000085e+00,9.192999999999999616e+00
3.362999999999999989e+00,-5.940999999999999837e+00,1.199399999999999977e+01
5.078999999999999737e+00,-2.766999999999999904e+00,1.308600000000000030e+01
8.505000000000000782e+00,-1.193000000000000060e+00,1.321499999999999986e+01
1.082399999999999984e+01,-3.910000000000000142e+00,1.450000000000000000e+01
7.878999999999999559e+00,-6.315000000000000391e+00,1.474499999999999922e+01
7.427999999999999936e+00,-9.236000000000000654e+00,1.242699999999999960e+01
4.794999999999999929e+00,-1.197199999999999953e+01,1.252200000000000024e+01
5.243999999999999773e+00,-1.541399999999999970e+01,1.102500000000000036e+01
3.035000000000000142e+00,-1.842399999999999949e+01,1.044699999999999918e+01
4.128999999999999559e+00,-2.189699999999999847e+01,9.477999999999999758e+00
1.542999999999999927e+00,-2.395899999999999963e+01,7.639999999999999680e+00
1.534000000000000030e+00,-2.698100000000000165e+01,5.347999999999999865e+00
-1.963000000000000078e+00,-2.653900000000000148e+01,3.946000000000000174e+00
-3.020999999999999908e+00,-2.312500000000000000e+01,2.548000000000000043e+00
-3.319999999999999840e+00,-2.050600000000000023e+01,5.280999999999999694e+00
-3.862999999999999989e+00,-2.255099999999999838e+01,8.428000000000000824e+00
-9.000000000000000222e-01,-2.301599999999999824e+01,1.065499999999999936e+01
8.639999999999999902e-01,-2.563400000000000034e+01,1.271599999999999930e+01
2.505999999999999783e+00,-2.279299999999999926e+01,1.466999999999999993e+01
2.750000000000000000e+00,-1.897200000000000131e+01,1.449000000000000021e+01
4.966999999999999638e+00,-1.638599999999999923e+01,1.612699999999999889e+01
6.535000000000000142e+00,-1.294599999999999973e+01,1.646300000000000097e+01
1.011700000000000088e+01,-1.167800000000000082e+01,1.607300000000000040e+01
1.121599999999999930e+01,-8.369999999999999218e+00,1.766000000000000014e+01
1.481700000000000017e+01,-9.292999999999999261e+00,1.853099999999999881e+01
1.669900000000000162e+01,-6.157000000000000028e+00,1.745499999999999829e+01
2.035500000000000043e+01,-7.158000000000000362e+00,1.695299999999999940e+01
2.244300000000000139e+01,-4.046999999999999709e+00,1.746199999999999974e+01
2.161799999999999855e+01,-3.689999999999999947e-01,1.809499999999999886e+01
2.077700000000000102e+01,3.039999999999999925e-01,1.442399999999999949e+01
1.944600000000000151e+01,-1.832999999999999963e+00,1.154800000000000004e+01
1.723999999999999844e+01,-1.991000000000000103e+00,8.480999999999999872e+00
1.420100000000000051e+01,-4.054000000000000270e+00,7.562999999999999723e+00
1.623199999999999932e+01,-6.067000000000000171e+00,5.046000000000000263e+00
1.876599999999999824e+01,-7.115000000000000213e+00,7.709999999999999964e+00
1.603000000000000114e+01,-7.655000000000000249e+00,1.028200000000000003e+01
1.383099999999999952e+01,-9.775999999999999801e+00,8.005000000000000782e+00
1.691300000000000026e+01,-1.187700000000000067e+01,7.285999999999999588e+00
1.744800000000000040e+01,-1.252399999999999913e+01,1.100500000000000078e+01
1.381099999999999994e+01,-1.356199999999999939e+01,1.137299999999999933e+01
1.440099999999999980e+01,-1.609299999999999997e+01,8.596999999999999531e+00
1.730000000000000071e+01,-1.756800000000000139e+01,1.059600000000000009e+01
1.529800000000000004e+01,-1.783599999999999852e+01,1.382900000000000063e+01
1.245299999999999940e+01,-1.963899999999999935e+01,1.200699999999999967e+01
1.502100000000000080e+01,-2.182799999999999940e+01,1.029299999999999926e+01
1.653500000000000014e+01,-2.290500000000000114e+01,1.360299999999999976e+01
1.309600000000000009e+01,-2.338500000000000156e+01,1.513700000000000045e+01
1.182000000000000028e+01,-2.540899999999999892e+01,1.219400000000000084e+01
1.489499999999999957e+01,-2.765500000000000114e+01,1.214700000000000024e+01
1.434099999999999930e+01,-2.828099999999999881e+01,1.585899999999999999e+01
1.062800000000000011e+01,-2.908999999999999986e+01,1.557499999999999929e+01
1.018999999999999950e+01,-3.064799999999999969e+01,1.210999999999999943e+01
1.376900000000000013e+01,-3.158999999999999986e+01,1.120700000000000074e+01
1.380100000000000016e+01,-2.961799999999999855e+01,7.950999999999999623e+00
1.373000000000000043e+01,-2.597899999999999920e+01,6.809999999999999609e+00
1.055499999999999972e+01,-2.438700000000000045e+01,5.371999999999999886e+00
1.020299999999999940e+01,-2.271499999999999986e+01,2.016999999999999904e+00
9.641000000000000014e+00,-1.905699999999999861e+01,2.900999999999999801e+00
7.240999999999999659e+00,-1.654299999999999926e+01,1.352999999999999980e+00
8.682000000000000384e+00,-1.307300000000000040e+01,2.016000000000000014e+00
7.524000000000000021e+00,-9.445000000000000284e+00,1.401999999999999913e+00
1.080499999999999972e+01,-8.397000000000000242e+00,-3.170000000000000040e-01
1.179199999999999982e+01,-8.730999999999999872e+00,-3.971000000000000085e+00
1.483699999999999974e+01,-1.068500000000000050e+01,-5.118999999999999773e+00
1.653999999999999915e+01,-7.596000000000000085e+00,-6.559999999999999609e+00
1.606099999999999994e+01,-5.716999999999999638e+00,-3.287999999999999812e+00
1.767599999999999838e+01,-8.506999999999999673e+00,-1.254999999999999893e+00
2.052899999999999991e+01,-9.076000000000000512e+00,-3.720000000000000195e+00
2.137399999999999878e+01,-5.338000000000000078e+00,-3.726999999999999869e+00
2.176800000000000068e+01,-5.214999999999999858e+00,6.500000000000000222e-02
2.339499999999999957e+01,-8.657000000000000028e+00,2.660000000000000142e-01
2.619500000000000028e+01,-8.304999999999999716e+00,-2.267999999999999794e+00
2.709700000000000131e+01,-4.884000000000000341e+00,-7.970000000000000417e-01
2.709299999999999997e+01,-5.785000000000000142e+00,2.931000000000000050e+00
3.040500000000000114e+01,-6.801000000000000156e+00,4.540000000000000036e+00
2.895599999999999952e+01,-9.785000000000000142e+00,6.371999999999999886e+00
2.813299999999999912e+01,-1.313400000000000034e+01,4.791999999999999815e+00
2.446600000000000108e+01,-1.405700000000000038e+01,4.586999999999999744e+00
2.224099999999999966e+01,-1.666499999999999915e+01,2.934000000000000163e+00
1.850400000000000134e+01,-1.727899999999999991e+01,2.587000000000000188e+00
1.743900000000000006e+01,-2.098799999999999955e+01,2.096000000000000085e+00
1.466799999999999926e+01,-2.104100000000000037e+01,-5.320000000000000284e-01
1.203100000000000058e+01,-1.833099999999999952e+01,-7.369999999999999885e-01
9.374000000000000554e+00,-1.671900000000000119e+01,-2.875000000000000000e+00
8.342999999999999972e+00,-1.305799999999999983e+01,-2.966000000000000192e+00
4.828000000000000291e+00,-1.238700000000000045e+01,-1.754000000000000004e+00
3.330000000000000071e+00,-9.066000000000000725e+00,-2.754000000000000004e+00
1.673000000000000043e+00,-8.364000000000000767e+00,5.550000000000000488e-01
2.091000000000000192e+00,-4.738999999999999879e+00,1.653000000000000025e+00
4.152000000000000135e+00,-3.528000000000000025e+00,3.322999999999999954e+00
6.991999999999999993e+00,-4.626000000000000334e+00,1.024999999999999911e+00
1.036299999999999955e+01,-4.245000000000000107e+00,2.734999999999999876e+00
1.274300000000000033e+01,-1.858999999999999986e+00,9.889999999999999902e-01
1.580799999999999983e+01,3.449999999999999734e-01,1.318000000000000060e+00
1.468800000000000061e+01,3.935000000000000053e+00,1.826000000000000068e+00
1.801000000000000156e+01,5.339000000000000412e+00,6.670000000000000373e-01
2.138599999999999923e+01,4.325999999999999623e+00,-7.920000000000000373e-01
2.472700000000000031e+01,6.121000000000000441e+00,-5.300000000000000266e-01
2.660000000000000142e+01,7.035999999999999588e+00,-3.692000000000000171e+00
2.959799999999999898e+01,4.926999999999999602e+00,-4.636999999999999567e+00
3.125799999999999912e+01,7.950000000000000178e+00,-6.211999999999999744e+00
3.143700000000000117e+01,1.161899999999999977e+01,-5.105000000000000426e+00
2.879700000000000060e+01,1.393399999999999928e+01,-6.578999999999999737e+00
2.992999999999999972e+01,1.645200000000000173e+01,-9.179000000000000270e+00
2.831700000000000017e+01,1.986299999999999955e+01,-8.910000000000000142e+00
2.722299999999999898e+01,1.901800000000000068e+01,-5.373000000000000220e+00
2.847200000000000131e+01,2.104299999999999926e+01,-2.400999999999999801e+00
3.119099999999999895e+01,1.953200000000000003e+01,-1.900000000000000022e-01
3.088599999999999923e+01,1.967800000000000082e+01,3.609999999999999876e+00
3.388199999999999790e+01,1.906899999999999906e+01,5.854000000000000092e+00
3.249499999999999744e+01,1.821900000000000119e+01,9.271000000000000796e+00
3.435600000000000165e+01,1.792399999999999949e+01,1.258200000000000074e+01
3.040800000000000125e+01,2.003500000000000014e+01,1.591999999999999993e+01
3.084299999999999997e+01,2.229400000000000048e+01,1.290000000000000036e+01
3.131200000000000117e+01,2.222800000000000153e+01,9.118999999999999773e+00
3.296399999999999864e+01,2.426300000000000168e+01,6.355000000000000426e+00
3.217600000000000193e+01,2.398799999999999955e+01,2.638999999999999790e+00
3.405400000000000205e+01,2.454200000000000159e+01,-6.049999999999999822e-01
3.144200000000000017e+01,2.723499999999999943e+01,-1.252000000000000002e+00
3.259000000000000341e+01,2.914600000000000080e+01,1.828000000000000069e+00
2.960300000000000153e+01,2.851300000000000168e+01,4.136000000000000121e+00
3.014699999999999847e+01,2.746499999999999986e+01,7.770999999999999908e+00
2.832100000000000151e+01,2.686499999999999844e+01,1.106300000000000061e+01
2.973600000000000065e+01,2.614499999999999957e+01,1.451699999999999946e+01
2.696900000000000119e+01,2.504200000000000159e+01,1.690500000000000114e+01
2.696799999999999997e+01,2.444999999999999929e+01,2.066700000000000159e+01
2.632300000000000040e+01,2.096399999999999864e+01,2.198999999999999844e+01
2.574399999999999977e+01,2.027199999999999847e+01,2.566000000000000014e+01
2.608999999999999986e+01,1.695100000000000051e+01,2.751500000000000057e+01
2.707199999999999918e+01,1.542999999999999972e+01,2.415200000000000102e+01
2.930000000000000071e+01,1.233000000000000007e+01,2.406299999999999883e+01
3.247899999999999920e+01,1.234399999999999942e+01,2.190500000000000114e+01
3.091600000000000037e+01,1.014000000000000057e+01,1.921499999999999986e+01
2.747299999999999898e+01,1.179299999999999926e+01,1.935099999999999909e+01
2.905099999999999838e+01,1.515900000000000070e+01,1.856400000000000006e+01
3.026300000000000168e+01,1.349200000000000088e+01,1.535999999999999943e+01
2.673999999999999844e+01,1.237199999999999989e+01,1.439600000000000080e+01
2.551800000000000068e+01,1.591699999999999982e+01,1.508099999999999952e+01
2.797800000000000153e+01,1.759900000000000020e+01,1.270500000000000007e+01
2.700000000000000000e+01,1.515900000000000070e+01,9.955999999999999517e+00
2.337800000000000011e+01,1.587199999999999989e+01,1.077500000000000036e+01
2.405600000000000094e+01,1.961899999999999977e+01,1.063000000000000078e+01
2.565800000000000125e+01,1.933999999999999986e+01,7.214999999999999858e+00
2.267399999999999949e+01,1.717500000000000071e+01,6.214000000000000412e+00
2.004899999999999949e+01,1.972200000000000131e+01,7.225999999999999979e+00
2.163899999999999935e+01,2.280099999999999838e+01,5.642999999999999794e+00
2.247400000000000020e+01,2.120599999999999952e+01,2.290000000000000036e+00
2.041300000000000026e+01,2.080999999999999872e+01,-8.910000000000000142e-01
1.912800000000000011e+01,1.763200000000000145e+01,-2.511000000000000121e+00
2.266199999999999903e+01,1.645899999999999963e+01,-3.411000000000000032e+00
2.552499999999999858e+01,1.650199999999999889e+01,-8.529999999999999805e-01
2.913100000000000023e+01,1.536500000000000021e+01,-4.119999999999999774e-01
3.016000000000000014e+01,1.505499999999999972e+01,3.233999999999999986e+00
3.370600000000000307e+01,1.449799999999999933e+01,4.410000000000000142e+00
3.422200000000000131e+01,1.314199999999999946e+01,7.908999999999999808e+00
3.694200000000000017e+01,1.172499999999999964e+01,1.016200000000000081e+01
3.466599999999999682e+01,9.673000000000000043e+00,1.240399999999999991e+01
3.503999999999999915e+01,6.073000000000000398e+00,1.129299999999999926e+01
3.226700000000000301e+01,5.363000000000000433e+00,1.380899999999999928e+01
2.965299999999999869e+01,7.629999999999999893e+00,1.220899999999999963e+01
3.088400000000000034e+01,6.341999999999999638e+00,8.877000000000000668e+00
3.028200000000000003e+01,2.761000000000000121e+00,9.958999999999999631e+00
2.671199999999999974e+01,3.448999999999999844e+00,1.106000000000000050e+01
2.551999999999999957e+01,5.543999999999999595e+00,8.117000000000000881e+00
2.730799999999999983e+01,3.173999999999999932e+00,5.733999999999999986e+00
2.525000000000000000e+01,3.380000000000000226e-01,7.211000000000000298e+00
2.219600000000000151e+01,2.072999999999999954e+00,5.673000000000000043e+00
2.013299999999999912e+01,1.919999999999999929e+00,8.864000000000000767e+00
1.646799999999999997e+01,2.809000000000000163e+00,8.657000000000000028e+00
1.563299999999999912e+01,2.540999999999999925e+00,1.236700000000000088e+01
1.763899999999999935e+01,3.169999999999999929e+00,1.554400000000000048e+01
1.750499999999999901e+01,3.490000000000000213e+00,1.933399999999999963e+01
1.919099999999999895e+01,6.899000000000000021e+00,1.912999999999999901e+01
1.685800000000000054e+01,9.688000000000000611e+00,1.799800000000000111e+01
1.979100000000000037e+01,1.158799999999999919e+01,1.649699999999999989e+01
2.047899999999999920e+01,8.637999999999999901e+00,1.419500000000000028e+01
1.676500000000000057e+01,8.519999999999999574e+00,1.334900000000000020e+01
1.682199999999999918e+01,1.220199999999999996e+01,1.234999999999999964e+01
1.991600000000000037e+01,1.170400000000000063e+01,1.020199999999999996e+01
1.814999999999999858e+01,8.683999999999999275e+00,8.663999999999999702e+00
1.514899999999999913e+01,1.090799999999999947e+01,7.903999999999999915e+00
1.746000000000000085e+01,1.345599999999999952e+01,6.304999999999999716e+00
1.909199999999999875e+01,1.068200000000000038e+01,4.307000000000000384e+00
1.571000000000000085e+01,9.617000000000000881e+00,2.911999999999999922e+00
1.480199999999999960e+01,1.305700000000000038e+01,1.544000000000000039e+00
1.802400000000000091e+01,1.360100000000000087e+01,-4.000000000000000222e-01
1.852299999999999969e+01,1.278700000000000081e+01,-4.072000000000000064e+00
2.221499999999999986e+01,1.193399999999999928e+01,-3.774999999999999911e+00
2.457199999999999918e+01,1.158200000000000074e+01,-7.980000000000000426e-01
2.822299999999999898e+01,1.062400000000000055e+01,-6.580000000000000293e-01
2.983099999999999952e+01,1.016099999999999959e+01,2.726999999999999869e+00
3.360999999999999943e+01,9.945999999999999730e+00,2.822000000000000064e+00
3.617600000000000193e+01,9.336999999999999744e+00,5.528999999999999915e+00
3.960600000000000165e+01,1.081600000000000072e+01,6.128999999999999559e+00
4.211200000000000188e+01,1.096799999999999997e+01,8.999000000000000554e+00
4.185300000000000153e+01,1.460999999999999943e+01,1.005599999999999916e+01
4.510099999999999909e+01,1.581900000000000084e+01,1.156700000000000017e+01
3.516700000000000159e+01,-5.489800000000000324e+01,2.422100000000000009e+01
3.875399999999999778e+01,-5.483500000000000085e+01,2.294200000000000017e+01
4.176800000000000068e+01,-5.683700000000000330e+01,2.159400000000000119e+01
4.560499999999999687e+01,-5.643599999999999994e+01,2.167000000000000171e+01
4.719899999999999807e+01,-5.385900000000000176e+01,2.403300000000000125e+01
4.550399999999999778e+01,-5.055400000000000205e+01,2.491700000000000159e+01
4.784000000000000341e+01,-4.760999999999999943e+01,2.546099999999999852e+01
4.677400000000000091e+01,-4.562899999999999778e+01,2.858099999999999952e+01
4.587500000000000000e+01,-4.202300000000000324e+01,2.779500000000000171e+01
4.478300000000000125e+01,-3.936699999999999733e+01,3.026800000000000068e+01
4.325200000000000244e+01,-3.591100000000000136e+01,3.019999999999999929e+01
4.561200000000000188e+01,-3.310399999999999920e+01,3.118900000000000006e+01
4.608700000000000330e+01,-3.285900000000000176e+01,3.500900000000000034e+01
4.288700000000000045e+01,-3.204599999999999937e+01,3.688900000000000290e+01
4.093900000000000006e+01,-3.163100000000000023e+01,3.365200000000000102e+01
3.759100000000000108e+01,-3.328799999999999670e+01,3.329500000000000171e+01
3.598599999999999710e+01,-3.452700000000000102e+01,3.009199999999999875e+01
3.394899999999999807e+01,-3.231000000000000227e+01,2.769399999999999906e+01
3.022899999999999920e+01,-3.165899999999999892e+01,2.814600000000000080e+01
2.955900000000000105e+01,-2.984499999999999886e+01,2.487699999999999889e+01
2.605600000000000094e+01,-2.928600000000000136e+01,2.348799999999999955e+01
2.485600000000000165e+01,-3.080399999999999849e+01,2.021600000000000108e+01
2.369900000000000162e+01,-2.820400000000000063e+01,1.768199999999999861e+01
2.028200000000000003e+01,-2.924099999999999966e+01,1.621600000000000108e+01
2.059100000000000108e+01,-3.163200000000000145e+01,1.326800000000000068e+01
1.844699999999999918e+01,-3.195200000000000173e+01,1.014100000000000001e+01
1.632300000000000040e+01,-3.513199999999999790e+01,9.772999999999999687e+00
1.841600000000000037e+01,-3.624300000000000210e+01,6.777000000000000135e+00
2.163400000000000034e+01,-3.589000000000000057e+01,8.769999999999999574e+00
2.022100000000000009e+01,-3.776800000000000068e+01,1.175799999999999912e+01
1.913899999999999935e+01,-4.062800000000000011e+01,9.486000000000000654e+00
2.257600000000000051e+01,-4.074799999999999756e+01,7.921000000000000263e+00
2.402899999999999991e+01,-4.080899999999999750e+01,1.144699999999999918e+01
2.175300000000000011e+01,-4.363100000000000023e+01,1.259500000000000064e+01
2.264000000000000057e+01,-4.578600000000000136e+01,9.566000000000000725e+00
2.634400000000000119e+01,-4.516899999999999693e+01,1.000300000000000011e+01
2.633999999999999986e+01,-4.561200000000000188e+01,1.377399999999999913e+01
2.451999999999999957e+01,-4.893399999999999750e+01,1.371100000000000030e+01
2.712199999999999989e+01,-5.048599999999999710e+01,1.142800000000000082e+01
2.990500000000000114e+01,-4.917300000000000182e+01,1.368999999999999950e+01
2.806800000000000139e+01,-5.070900000000000318e+01,1.662800000000000011e+01
2.785399999999999920e+01,-5.412899999999999778e+01,1.496299999999999919e+01
3.155399999999999849e+01,-5.387800000000000011e+01,1.407499999999999929e+01
3.217499999999999716e+01,-5.323299999999999699e+01,1.777100000000000080e+01
3.365500000000000114e+01,-4.979299999999999926e+01,1.705600000000000094e+01
3.118700000000000117e+01,-4.806499999999999773e+01,1.937000000000000099e+01
2.880999999999999872e+01,-4.912899999999999778e+01,2.213500000000000156e+01
2.560200000000000031e+01,-4.767399999999999949e+01,2.358800000000000097e+01
2.621300000000000097e+01,-4.596000000000000085e+01,2.694200000000000017e+01
2.416300000000000026e+01,-4.548899999999999721e+01,3.009700000000000131e+01
2.326300000000000168e+01,-4.235600000000000165e+01,3.211999999999999744e+01
2.643100000000000094e+01,-4.261699999999999733e+01,3.425600000000000023e+01
2.857999999999999829e+01,-4.095600000000000307e+01,3.157900000000000063e+01
2.784400000000000119e+01,-3.716599999999999682e+01,3.170200000000000173e+01
3.016300000000000026e+01,-3.623599999999999710e+01,2.880799999999999983e+01
2.936299999999999955e+01,-3.514500000000000313e+01,2.529100000000000037e+01
3.104299999999999926e+01,-3.425800000000000267e+01,2.200700000000000145e+01
2.908500000000000085e+01,-3.289999999999999858e+01,1.897500000000000142e+01
2.867699999999999960e+01,-3.500399999999999778e+01,1.580499999999999972e+01
2.774200000000000088e+01,-3.411099999999999710e+01,1.224600000000000044e+01
2.726300000000000168e+01,-3.566899999999999693e+01,8.816000000000000725e+00
2.912699999999999889e+01,-3.418699999999999761e+01,5.875000000000000000e+00
2.934900000000000020e+01,-3.522500000000000142e+01,2.241999999999999993e+00
3.229999999999999716e+01,-3.701599999999999824e+01,7.149999999999999689e-01
3.392000000000000171e+01,-3.527799999999999869e+01,-2.262000000000000011e+00
3.216700000000000159e+01,-3.654800000000000182e+01,-5.411999999999999922e+00
3.050000000000000000e+01,-3.958800000000000097e+01,-3.838999999999999968e+00
2.692299999999999827e+01,-4.010699999999999932e+01,-2.665000000000000036e+00
2.827799999999999869e+01,-4.113499999999999801e+01,7.179999999999999716e-01
2.796600000000000108e+01,-3.933100000000000307e+01,4.030999999999999694e+00
3.076399999999999935e+01,-3.916199999999999903e+01,6.546000000000000263e+00
3.012000000000000099e+01,-3.884799999999999898e+01,1.024200000000000088e+01
3.225500000000000256e+01,-3.598499999999999943e+01,1.147300000000000075e+01
3.285300000000000153e+01,-3.567699999999999960e+01,1.519699999999999918e+01
3.368500000000000227e+01,-3.227000000000000313e+01,1.667000000000000171e+01
3.636800000000000210e+01,-3.345300000000000296e+01,1.911199999999999832e+01
3.775099999999999767e+01,-2.989199999999999946e+01,1.937699999999999889e+01
3.717999999999999972e+01,-2.948699999999999832e+01,2.311499999999999844e+01
3.828699999999999903e+01,-3.305499999999999972e+01,2.395299999999999940e+01
4.148499999999999943e+01,-3.257099999999999795e+01,2.194800000000000040e+01
4.217099999999999937e+01,-2.942099999999999937e+01,2.399500000000000099e+01
4.171800000000000352e+01,-3.146999999999999886e+01,2.716400000000000148e+01
4.372599999999999909e+01,-3.444100000000000250e+01,2.590200000000000102e+01
4.724699999999999989e+01,-3.486999999999999744e+01,2.729700000000000060e+01
5.009599999999999653e+01,-3.386500000000000199e+01,2.501800000000000068e+01
5.204099999999999682e+01,-3.680499999999999972e+01,2.356899999999999906e+01
5.563799999999999812e+01,-3.750800000000000267e+01,2.459700000000000131e+01
5.893500000000000227e+01,-3.596699999999999875e+01,2.342299999999999827e+01
6.240599999999999881e+01,-3.713900000000000290e+01,2.223000000000000043e+01
6.270600000000000307e+01,-3.886299999999999955e+01,1.879700000000000060e+01
5.928799999999999670e+01,-3.810399999999999920e+01,1.729299999999999926e+01
5.960300000000000153e+01,-3.874199999999999733e+01,1.354899999999999949e+01
5.677000000000000313e+01,-3.638900000000000290e+01,1.257000000000000028e+01
5.745600000000000307e+01,-3.257099999999999795e+01,1.293099999999999916e+01
5.692900000000000205e+01,-3.091799999999999926e+01,9.523999999999999133e+00
5.863000000000000256e+01,-3.101999999999999957e+01,6.072000000000000064e+00
5.954399999999999693e+01,-2.747899999999999920e+01,5.043000000000000149e+00
5.996900000000000119e+01,-2.906099999999999994e+01,1.645999999999999908e+00
5.630199999999999960e+01,-3.010000000000000142e+01,1.344999999999999973e+00
5.523100000000000165e+01,-2.649299999999999855e+01,7.249999999999999778e-01
5.768699999999999761e+01,-2.609400000000000119e+01,-2.197999999999999954e+00
5.644400000000000261e+01,-2.914600000000000080e+01,-4.152000000000000135e+00
5.450800000000000267e+01,-2.891199999999999903e+01,-7.408000000000000362e+00
5.161299999999999955e+01,-3.122800000000000153e+01,-6.554000000000000270e+00
5.028399999999999892e+01,-3.249499999999999744e+01,-3.225000000000000089e+00
4.738100000000000023e+01,-3.491299999999999670e+01,-2.850999999999999979e+00
4.534199999999999875e+01,-3.543200000000000216e+01,2.849999999999999756e-01
4.437199999999999989e+01,-3.892900000000000205e+01,1.370999999999999996e+00
4.189699999999999847e+01,-3.966799999999999926e+01,4.139999999999999680e+00
4.363199999999999790e+01,-4.245499999999999829e+01,6.097000000000000419e+00
4.114099999999999824e+01,-4.208800000000000097e+01,8.952999999999999403e+00
3.975699999999999790e+01,-4.563000000000000256e+01,8.804999999999999716e+00
4.322399999999999665e+01,-4.686500000000000199e+01,9.805999999999999162e+00
4.238199999999999790e+01,-4.595900000000000318e+01,1.338700000000000045e+01
3.937700000000000244e+01,-4.828799999999999670e+01,1.358300000000000018e+01
4.172999999999999687e+01,-5.123199999999999932e+01,1.402999999999999936e+01
4.317999999999999972e+01,-5.008599999999999852e+01,1.735500000000000043e+01
4.132300000000000040e+01,-5.022399999999999665e+01,2.066600000000000037e+01
4.099000000000000199e+01,-4.716400000000000148e+01,2.289000000000000057e+01
4.214699999999999847e+01,-4.747699999999999676e+01,2.651899999999999835e+01
3.908800000000000097e+01,-4.875699999999999790e+01,2.836400000000000077e+01
3.925500000000000256e+01,-4.587700000000000244e+01,3.083999999999999986e+01
3.938499999999999801e+01,-4.293699999999999761e+01,2.839300000000000068e+01
3.635999999999999943e+01,-4.428000000000000114e+01,2.650100000000000122e+01
3.380499999999999972e+01,-4.232600000000000051e+01,2.852700000000000102e+01
3.523400000000000176e+01,-3.900699999999999790e+01,2.738100000000000023e+01
3.450500000000000256e+01,-3.974000000000000199e+01,2.369900000000000162e+01
3.077100000000000080e+01,-3.983500000000000085e+01,2.437800000000000011e+01
2.844000000000000128e+01,-3.846999999999999886e+01,2.169399999999999906e+01
2.465599999999999881e+01,-3.823400000000000176e+01,2.108399999999999963e+01
2.253999999999999915e+01,-3.873100000000000165e+01,1.796600000000000108e+01
1.970700000000000074e+01,-3.618200000000000216e+01,1.848699999999999832e+01
1.601599999999999824e+01,-3.666899999999999693e+01,1.770100000000000051e+01
1.343599999999999994e+01,-3.459199999999999875e+01,1.582900000000000063e+01
1.145700000000000074e+01,-3.243599999999999994e+01,1.826800000000000068e+01
1.301200000000000045e+01,-3.419100000000000250e+01,2.132700000000000173e+01
1.045100000000000051e+01,-3.694400000000000261e+01,2.079799999999999827e+01
1.298099999999999987e+01,-3.952400000000000091e+01,2.200199999999999889e+01
1.583300000000000018e+01,-3.932300000000000040e+01,2.457600000000000051e+01
1.859900000000000020e+01,-3.969400000000000261e+01,2.200199999999999889e+01
2.100000000000000000e+01,-4.247500000000000142e+01,2.104700000000000060e+01
2.414499999999999957e+01,-4.228999999999999915e+01,2.318400000000000105e+01
2.746099999999999852e+01,-4.393500000000000227e+01,2.225900000000000034e+01
3.119800000000000040e+01,-4.387199999999999989e+01,2.308500000000000085e+01
3.423700000000000188e+01,-4.526200000000000045e+01,2.126099999999999923e+01
3.593399999999999750e+01,-4.860300000000000153e+01,2.176599999999999824e+01
3.859199999999999875e+01,-4.793999999999999773e+01,1.910800000000000054e+01
4.082099999999999795e+01,-4.492699999999999960e+01,1.831400000000000006e+01
3.825600000000000023e+01,-4.232000000000000028e+01,1.711299999999999955e+01
3.862500000000000000e+01,-4.023599999999999710e+01,1.392699999999999960e+01
3.934499999999999886e+01,-3.654899999999999949e+01,1.456099999999999994e+01
4.069700000000000273e+01,-3.702300000000000324e+01,1.808599999999999852e+01
4.429999999999999716e+01,-3.587599999999999767e+01,1.851300000000000168e+01
4.540299999999999869e+01,-3.900600000000000023e+01,2.038200000000000145e+01
4.467900000000000205e+01,-4.122099999999999653e+01,1.739600000000000080e+01
4.760099999999999909e+01,-4.019800000000000040e+01,1.514499999999999957e+01
4.999300000000000210e+01,-4.046800000000000352e+01,1.811499999999999844e+01
4.884300000000000352e+01,-4.392000000000000171e+01,1.916799999999999926e+01
4.880700000000000216e+01,-4.515299999999999869e+01,1.557199999999999918e+01
5.201599999999999824e+01,-4.329899999999999949e+01,1.474799999999999933e+01
5.414000000000000057e+01,-4.644299999999999784e+01,1.500600000000000023e+01
5.176299999999999812e+01,-4.871399999999999864e+01,1.308900000000000041e+01
5.175099999999999767e+01,-4.592099999999999937e+01,1.051099999999999923e+01
5.555100000000000193e+01,-4.552300000000000324e+01,1.009200000000000053e+01
5.604699999999999704e+01,-4.925600000000000023e+01,9.699999999999999289e+00
5.349699999999999989e+01,-4.916199999999999903e+01,6.887999999999999901e+00
5.512500000000000000e+01,-4.614300000000000068e+01,5.222999999999999865e+00
5.882999999999999829e+01,-4.700600000000000023e+01,5.594999999999999751e+00
5.882300000000000040e+01,-4.911200000000000188e+01,2.392999999999999794e+00
5.716299999999999670e+01,-4.655599999999999739e+01,1.229999999999999982e-01
5.929899999999999949e+01,-4.387500000000000000e+01,1.808999999999999941e+00
6.256400000000000006e+01,-4.562299999999999756e+01,9.310000000000000497e-01
6.130499999999999972e+01,-4.689900000000000091e+01,-2.428999999999999826e+00
6.012299999999999756e+01,-4.346399999999999864e+01,-3.596999999999999975e+00
6.211399999999999721e+01,-4.083100000000000307e+01,-1.620000000000000107e+00
6.119599999999999795e+01,-3.835300000000000153e+01,-4.355999999999999872e+00
5.774900000000000233e+01,-3.825900000000000034e+01,-2.673000000000000043e+00
5.695199999999999818e+01,-3.636299999999999955e+01,5.400000000000000355e-01
5.425800000000000267e+01,-3.773599999999999710e+01,2.841000000000000192e+00
5.308100000000000307e+01,-3.580799999999999983e+01,5.926999999999999602e+00
5.021399999999999864e+01,-3.688600000000000279e+01,8.167999999999999261e+00
4.775200000000000244e+01,-3.455599999999999739e+01,9.858000000000000540e+00
4.494400000000000261e+01,-3.607999999999999829e+01,1.190399999999999991e+01
4.296500000000000341e+01,-3.831099999999999994e+01,9.535000000000000142e+00
4.466400000000000148e+01,-3.667900000000000205e+01,6.535999999999999588e+00
4.773899999999999721e+01,-3.774000000000000199e+01,4.602000000000000313e+00
4.962599999999999767e+01,-3.518200000000000216e+01,2.488999999999999879e+00
5.145000000000000284e+01,-3.663700000000000045e+01,-4.789999999999999813e-01
5.367699999999999960e+01,-3.422699999999999676e+01,-2.339999999999999858e+00
5.589399999999999835e+01,-3.476899999999999835e+01,-5.379999999999999893e+00
5.727400000000000091e+01,-3.282000000000000028e+01,-8.358000000000000540e+00
5.652700000000000102e+01,-3.551500000000000057e+01,-1.095500000000000007e+01
5.434599999999999653e+01,-3.441299999999999670e+01,-1.386299999999999955e+01
5.064600000000000080e+01,-3.452300000000000324e+01,-1.297000000000000064e+01
5.047500000000000142e+01,-3.782000000000000028e+01,-1.487500000000000000e+01
5.311899999999999977e+01,-3.973599999999999710e+01,-1.293999999999999950e+01
5.181799999999999784e+01,-3.804299999999999926e+01,-9.804999999999999716e+00
4.828999999999999915e+01,-3.950099999999999767e+01,-9.962999999999999190e+00
4.983700000000000330e+01,-4.285300000000000153e+01,-1.086299999999999955e+01
5.205100000000000193e+01,-4.278099999999999881e+01,-7.761999999999999567e+00
4.904899999999999949e+01,-4.160999999999999943e+01,-5.700000000000000178e+00
4.699399999999999977e+01,-4.459400000000000119e+01,-6.818999999999999950e+00
4.996999999999999886e+01,-4.688700000000000045e+01,-6.185999999999999943e+00
5.032800000000000296e+01,-4.566100000000000136e+01,-2.589999999999999858e+00
4.660999999999999943e+01,-4.637299999999999756e+01,-2.209999999999999964e+00
4.672699999999999676e+01,-5.010499999999999687e+01,-3.008000000000000007e+00
4.995199999999999818e+01,-5.024699999999999989e+01,-9.749999999999999778e-01
4.790599999999999881e+01,-4.907800000000000296e+01,2.012000000000000011e+00
4.504899999999999949e+01,-5.149699999999999989e+01,1.195000000000000062e+00
4.779299999999999926e+01,-5.412100000000000222e+01,1.413000000000000034e+00
4.768500000000000227e+01,-5.352799999999999869e+01,5.181000000000000050e+00
4.396000000000000085e+01,-5.284499999999999886e+01,5.578999999999999737e+00
4.421500000000000341e+01,-4.909100000000000108e+01,5.118000000000000327e+00
4.169899999999999807e+01,-4.798799999999999955e+01,2.452999999999999847e+00
4.093800000000000239e+01,-3.667699999999999960e+01,-3.547000000000000153e+00
4.200900000000000034e+01,-3.305499999999999972e+01,-3.063000000000000167e+00
4.495300000000000296e+01,-3.212299999999999756e+01,-5.376999999999999780e+00
4.700099999999999767e+01,-2.904599999999999937e+01,-4.418999999999999595e+00
4.977300000000000324e+01,-2.707799999999999940e+01,-6.080000000000000071e+00
5.154699999999999704e+01,-2.532300000000000040e+01,-3.150999999999999801e+00
5.422699999999999676e+01,-2.409700000000000131e+01,-5.525999999999999801e+00
5.182800000000000296e+01,-2.170700000000000074e+01,-7.275999999999999801e+00
5.071300000000000097e+01,-2.011199999999999832e+01,-4.016000000000000014e+00
5.141799999999999926e+01,-1.637999999999999901e+01,-4.128999999999999559e+00
5.104099999999999682e+01,-1.365300000000000047e+01,-1.487999999999999989e+00
4.871800000000000352e+01,-1.072100000000000009e+01,-2.326999999999999957e+00
5.058100000000000307e+01,-7.362000000000000099e+00,-1.852000000000000091e+00
4.908200000000000074e+01,-3.998000000000000220e+00,-8.629999999999999893e-01
4.817600000000000193e+01,-2.158999999999999808e+00,-4.086999999999999744e+00
4.749199999999999733e+01,1.502000000000000002e+00,-4.836000000000000298e+00
4.511299999999999955e+01,2.803999999999999826e+00,-7.557000000000000384e+00
4.711099999999999710e+01,3.879999999999999893e+00,-1.057900000000000063e+01
4.509300000000000352e+01,6.344000000000000306e+00,-1.264799999999999969e+01
4.518800000000000239e+01,8.980000000000000426e+00,-1.538799999999999990e+01
4.400699999999999790e+01,1.203500000000000014e+01,-1.342999999999999972e+01
4.353900000000000148e+01,1.234699999999999953e+01,-9.659000000000000696e+00
4.072500000000000142e+01,1.420299999999999940e+01,-7.875000000000000000e+00
4.058700000000000330e+01,1.552500000000000036e+01,-4.286999999999999922e+00
3.864200000000000301e+01,1.239000000000000057e+01,-3.311999999999999833e+00
4.109199999999999875e+01,9.967000000000000526e+00,-4.921999999999999709e+00
4.388600000000000279e+01,1.171700000000000053e+01,-3.075000000000000178e+00
4.186099999999999710e+01,1.157300000000000040e+01,1.489999999999999936e-01
4.145300000000000296e+01,7.836000000000000298e+00,-1.880000000000000004e-01
4.509000000000000341e+01,7.350999999999999979e+00,-1.250999999999999890e+00
4.606600000000000250e+01,9.131000000000000227e+00,1.977999999999999980e+00
4.379500000000000171e+01,7.136999999999999567e+00,4.302999999999999936e+00
4.509400000000000119e+01,3.891000000000000014e+00,2.806999999999999940e+00
4.877100000000000080e+01,4.881999999999999673e+00,2.827999999999999847e+00
4.827900000000000347e+01,6.251000000000000334e+00,6.363999999999999879e+00
4.724199999999999733e+01,2.770999999999999908e+00,7.445000000000000284e+00
4.988900000000000290e+01,6.790000000000000480e-01,5.626000000000000334e+00
5.249600000000000222e+01,2.915000000000000036e+00,7.237000000000000099e+00
5.191400000000000148e+01,1.094000000000000083e+00,1.052100000000000080e+01
5.326100000000000279e+01,-1.937000000000000055e+00,8.702999999999999403e+00
5.583299999999999841e+01,-3.459999999999999742e-01,6.383000000000000007e+00
5.686099999999999710e+01,2.899000000000000021e+00,8.163000000000000256e+00
5.890800000000000125e+01,4.177999999999999936e+00,5.219000000000000306e+00
5.564200000000000301e+01,5.296000000000000263e+00,3.641999999999999904e+00
5.528600000000000136e+01,9.053000000000000824e+00,3.710999999999999854e+00
5.223299999999999699e+01,1.111800000000000033e+01,2.681999999999999940e+00
5.358200000000000074e+01,1.467699999999999960e+01,3.222999999999999865e+00
5.342900000000000205e+01,1.591600000000000037e+01,-4.069999999999999729e-01
5.012299999999999756e+01,1.413499999999999979e+01,-1.056999999999999940e+00
4.866299999999999670e+01,1.567300000000000004e+01,2.091000000000000192e+00
4.991100000000000136e+01,1.908500000000000085e+01,9.449999999999999512e-01
4.786599999999999966e+01,1.853600000000000136e+01,-2.237999999999999989e+00
4.487899999999999778e+01,1.819699999999999918e+01,8.899999999999999578e-02
4.520199999999999818e+01,2.167699999999999960e+01,1.586000000000000076e+00
4.205499999999999972e+01,2.375900000000000034e+01,1.385000000000000009e+00
3.840500000000000114e+01,2.282499999999999929e+01,1.461999999999999966e+00
3.824499999999999744e+01,2.206099999999999994e+01,-2.250000000000000000e+00
3.538499999999999801e+01,2.015899999999999892e+01,-3.850999999999999979e+00
3.575300000000000011e+01,1.637000000000000099e+01,-3.741000000000000103e+00
3.537599999999999767e+01,1.608399999999999963e+01,-7.490999999999999659e+00
3.803199999999999648e+01,1.875700000000000145e+01,-8.137000000000000455e+00
4.091899999999999693e+01,1.721099999999999852e+01,-1.003700000000000081e+01
4.430299999999999727e+01,1.804700000000000060e+01,-8.462999999999999190e+00
4.747800000000000153e+01,1.749899999999999878e+01,-1.052899999999999991e+01
5.035099999999999909e+01,1.610500000000000043e+01,-8.500000000000000000e+00
5.345799999999999841e+01,1.823900000000000077e+01,-7.945000000000000284e+00
5.675300000000000011e+01,1.656800000000000139e+01,-8.977000000000000313e+00
5.766499999999999915e+01,1.598000000000000043e+01,-5.352000000000000313e+00
5.431600000000000250e+01,1.424600000000000044e+01,-4.820999999999999730e+00
5.455700000000000216e+01,1.195299999999999940e+01,-7.894999999999999574e+00
5.791400000000000148e+01,1.065900000000000070e+01,-6.628000000000000114e+00
5.644500000000000028e+01,1.019800000000000040e+01,-3.116000000000000103e+00
5.355700000000000216e+01,8.063000000000000611e+00,-4.381999999999999673e+00
5.606199999999999761e+01,6.128999999999999559e+00,-6.525000000000000355e+00
5.837899999999999778e+01,5.346000000000000085e+00,-3.595000000000000195e+00
5.532699999999999818e+01,4.384999999999999787e+00,-1.562999999999999945e+00
5.445199999999999818e+01,1.977000000000000091e+00,-4.381999999999999673e+00
5.792300000000000182e+01,3.930000000000000160e-01,-4.360999999999999766e+00
5.780400000000000205e+01,-4.399999999999999745e-02,-6.009999999999999787e-01
5.449600000000000222e+01,-1.995000000000000107e+00,-8.900000000000000133e-01
5.576500000000000057e+01,-4.253000000000000114e+00,-3.694999999999999840e+00
5.688499999999999801e+01,-6.772999999999999687e+00,-1.080000000000000071e+00
5.577100000000000080e+01,-8.221999999999999531e+00,2.285000000000000142e+00
5.721999999999999886e+01,-6.546999999999999709e+00,5.334999999999999964e+00
6.071900000000000119e+01,-7.783000000000000362e+00,6.169999999999999929e+00
6.115599999999999881e+01,-9.672000000000000597e+00,9.428000000000000824e+00
5.795700000000000074e+01,-1.171799999999999997e+01,9.776999999999999247e+00
5.890100000000000335e+01,-1.503299999999999947e+01,1.134800000000000075e+01
5.676400000000000290e+01,-1.801300000000000168e+01,1.218599999999999994e+01
5.685399999999999920e+01,-1.880600000000000094e+01,1.586899999999999977e+01
5.587800000000000011e+01,-2.244699999999999918e+01,1.666300000000000026e+01
5.469200000000000017e+01,-2.130399999999999849e+01,2.010500000000000043e+01
5.209199999999999875e+01,-1.881800000000000139e+01,1.888200000000000145e+01
4.853499999999999659e+01,-1.917399999999999949e+01,1.764499999999999957e+01
4.795700000000000074e+01,-1.884799999999999898e+01,1.392300000000000004e+01
4.511099999999999710e+01,-1.638800000000000168e+01,1.332399999999999984e+01
4.325099999999999767e+01,-1.606400000000000006e+01,1.003400000000000070e+01
4.097399999999999665e+01,-1.314899999999999913e+01,9.173999999999999488e+00
3.862100000000000222e+01,-1.313400000000000034e+01,6.184000000000000163e+00
3.685699999999999932e+01,-1.019100000000000072e+01,4.559999999999999609e+00
3.391700000000000159e+01,-1.000399999999999956e+01,2.196000000000000174e+00
3.493200000000000216e+01,-8.070999999999999730e+00,-8.579999999999999849e-01
3.189799999999999969e+01,-8.877000000000000668e+00,-3.008999999999999897e+00
3.084600000000000009e+01,-1.070700000000000074e+01,-6.169999999999999929e+00
3.225500000000000256e+01,-1.397400000000000020e+01,-4.849999999999999645e+00
3.557099999999999795e+01,-1.244500000000000028e+01,-3.797000000000000153e+00
3.718500000000000227e+01,-1.273700000000000010e+01,-3.599999999999999867e-01
4.045600000000000307e+01,-1.168099999999999916e+01,1.199000000000000066e+00
4.229800000000000182e+01,-1.333399999999999963e+01,4.051000000000000156e+00
4.544899999999999807e+01,-1.282399999999999984e+01,6.099000000000000199e+00
4.731300000000000239e+01,-1.524099999999999966e+01,8.369999999999999218e+00
4.939200000000000301e+01,-1.371299999999999919e+01,1.116699999999999982e+01
5.043599999999999994e+01,-1.416600000000000037e+01,1.479899999999999949e+01
5.116799999999999926e+01,-1.057300000000000040e+01,1.593599999999999994e+01
4.896999999999999886e+01,-7.698999999999999844e+00,1.467800000000000082e+01
4.995499999999999829e+01,-6.363000000000000433e+00,1.126800000000000068e+01
5.273299999999999699e+01,-8.971999999999999531e+00,1.109500000000000064e+01
5.135399999999999920e+01,-1.128299999999999947e+01,8.410000000000000142e+00
5.287899999999999778e+01,-1.462400000000000055e+01,7.516000000000000014e+00
5.055799999999999983e+01,-1.472300000000000075e+01,4.522999999999999687e+00
4.771900000000000119e+01,-1.290300000000000047e+01,2.730999999999999872e+00
4.551599999999999824e+01,-1.407300000000000040e+01,-1.049999999999999961e-01
4.238400000000000034e+01,-1.380199999999999960e+01,-2.236000000000000210e+00
3.952700000000000102e+01,-1.620299999999999940e+01,-2.907000000000000028e+00
3.691299999999999670e+01,-1.629400000000000048e+01,-5.700000000000000178e+00
3.383899999999999864e+01,-1.855600000000000094e+01,-6.019000000000000128e+00
3.444100000000000250e+01,-2.211199999999999832e+01,-7.240999999999999659e+00
3.274600000000000222e+01,-2.543900000000000006e+01,-7.996999999999999886e+00
2.922500000000000142e+01,-2.455300000000000082e+01,-9.050000000000000711e+00
2.678399999999999892e+01,-2.199899999999999878e+01,-1.043599999999999994e+01
2.525300000000000011e+01,-2.219099999999999895e+01,-6.950999999999999623e+00
2.746199999999999974e+01,-2.015500000000000114e+01,-4.682999999999999829e+00
2.602700000000000102e+01,-1.810999999999999943e+01,-1.883000000000000007e+00
2.794099999999999895e+01,-1.634199999999999875e+01,8.870000000000000107e-01
2.809299999999999997e+01,-1.936299999999999955e+01,3.229000000000000092e+00
2.917699999999999960e+01,-2.203800000000000026e+01,7.329999999999999849e-01
3.197200000000000131e+01,-1.970499999999999829e+01,-3.910000000000000142e-01
3.309499999999999886e+01,-1.898799999999999955e+01,3.185000000000000053e+00
3.327300000000000324e+01,-2.269800000000000040e+01,3.979000000000000092e+00
3.527000000000000313e+01,-2.337999999999999901e+01,8.020000000000000462e-01
3.759400000000000119e+01,-2.051200000000000045e+01,1.705999999999999961e+00
3.806400000000000006e+01,-2.149699999999999989e+01,5.368000000000000327e+00
3.886800000000000210e+01,-2.502799999999999869e+01,4.222000000000000419e+00
4.121300000000000097e+01,-2.373000000000000043e+01,1.499000000000000110e+00
4.311599999999999966e+01,-2.160099999999999909e+01,4.009999999999999787e+00
4.322299999999999898e+01,-2.445700000000000074e+01,6.525999999999999801e+00
4.475200000000000244e+01,-2.691799999999999926e+01,4.078000000000000291e+00
4.744200000000000017e+01,-2.436499999999999844e+01,3.277000000000000135e+00
4.838000000000000256e+01,-2.379500000000000171e+01,6.908999999999999808e+00
4.872099999999999653e+01,-2.753999999999999915e+01,7.508000000000000007e+00
5.090599999999999881e+01,-2.778399999999999892e+01,4.395999999999999908e+00
5.289099999999999824e+01,-2.471600000000000108e+01,5.432000000000000384e+00
5.317999999999999972e+01,-2.472700000000000031e+01,9.243000000000000327e+00
5.146800000000000352e+01,-2.801000000000000156e+01,1.007600000000000051e+01
4.885999999999999943e+01,-2.645899999999999963e+01,1.233900000000000041e+01
4.532099999999999795e+01,-2.514799999999999969e+01,1.177399999999999913e+01
4.455299999999999727e+01,-2.145400000000000063e+01,1.239499999999999957e+01
4.200800000000000267e+01,-1.960300000000000153e+01,1.449799999999999933e+01
3.959300000000000352e+01,-1.792399999999999949e+01,1.213899999999999935e+01
3.765800000000000125e+01,-1.473499999999999943e+01,1.268800000000000061e+01
3.464099999999999824e+01,-1.516900000000000048e+01,1.044299999999999962e+01
3.250399999999999778e+01,-1.231799999999999962e+01,8.986000000000000654e+00
2.914300000000000068e+01,-1.409500000000000064e+01,9.602000000000000313e+00
2.640200000000000102e+01,-1.446700000000000053e+01,1.223900000000000077e+01
2.697800000000000153e+01,-1.751999999999999957e+01,1.445100000000000051e+01
2.345200000000000173e+01,-1.894500000000000028e+01,1.410500000000000043e+01
2.384799999999999898e+01,-1.881800000000000139e+01,1.030599999999999916e+01
2.721999999999999886e+01,-2.051800000000000068e+01,1.028200000000000003e+01
2.604400000000000048e+01,-2.323499999999999943e+01,1.269100000000000072e+01
2.305300000000000082e+01,-2.387600000000000122e+01,1.043999999999999950e+01
2.481899999999999906e+01,-2.409100000000000108e+01,7.052999999999999936e+00
2.849899999999999878e+01,-2.482700000000000173e+01,7.514000000000000234e+00
2.796000000000000085e+01,-2.861100000000000065e+01,7.616999999999999993e+00
2.613299999999999912e+01,-2.859199999999999875e+01,4.301000000000000156e+00
2.928999999999999915e+01,-2.770299999999999940e+01,2.376999999999999780e+00
3.205799999999999983e+01,-2.896499999999999986e+01,4.653999999999999915e+00
3.420700000000000074e+01,-3.178699999999999903e+01,3.395000000000000018e+00
3.731700000000000017e+01,-3.171499999999999986e+01,5.575999999999999623e+00
3.795400000000000063e+01,-3.424499999999999744e+01,8.355999999999999872e+00
3.933400000000000318e+01,-3.166000000000000014e+01,1.078599999999999959e+01
3.751700000000000301e+01,-2.868599999999999994e+01,1.229700000000000060e+01
3.950099999999999767e+01,-2.552599999999999980e+01,1.318999999999999950e+01
3.867300000000000182e+01,-2.318400000000000105e+01,1.606500000000000128e+01
3.656900000000000261e+01,-2.033399999999999963e+01,1.474000000000000021e+01
3.507999999999999829e+01,-1.715700000000000003e+01,1.622500000000000142e+01
3.267099999999999937e+01,-1.463199999999999967e+01,1.478100000000000058e+01
3.326400000000000290e+01,-1.091799999999999926e+01,1.431300000000000061e+01
3.206900000000000261e+01,-7.586000000000000298e+00,1.284600000000000009e+01
3.446200000000000330e+01,-6.592999999999999972e+00,9.997999999999999332e+00
3.544700000000000273e+01,-2.870999999999999996e+00,9.992000000000000881e+00
3.425999999999999801e+01,-1.040999999999999925e+00,6.820999999999999730e+00
3.773199999999999932e+01,4.799999999999999822e-01,6.469000000000000306e+00
3.971000000000000085e+01,-2.786000000000000032e+00,6.554999999999999716e+00
3.775300000000000011e+01,-3.991999999999999993e+00,3.508000000000000007e+00
3.861500000000000199e+01,-8.159999999999999476e-01,1.556999999999999940e+00
4.228300000000000125e+01,-1.576999999999999957e+00,2.289000000000000146e+00
4.226800000000000068e+01,-5.059999999999999609e+00,6.720000000000000417e-01
4.181199999999999761e+01,-6.551000000000000156e+00,-2.849000000000000199e+00
